1.000000000000000000e+00,6.212462594711281039e-01
1.009009009009008917e+00,6.354212221889792289e-01
1.018018018018018056e+00,6.498306920883085702e-01
1.027027027027026973e+00,6.644750469314485430e-01
1.036036036036036112e+00,6.793545401748333212e-01
1.045045045045045029e+00,6.944692992877210536e-01
1.054054054054053946e+00,7.098193242452265350e-01
1.063063063063063085e+00,7.254044861984939585e-01
1.072072072072072002e+00,7.412245263242112081e-01
1.081081081081081141e+00,7.572790548549988010e-01
1.090090090090090058e+00,7.735675502915728696e-01
1.099099099099099197e+00,7.900893587969417542e-01
1.108108108108108114e+00,8.068436937722381908e-01
1.117117117117117031e+00,8.238296356131974418e-01
1.126126126126126170e+00,8.410461316456575576e-01
1.135135135135135087e+00,8.584919962378859681e-01
1.144144144144144226e+00,8.761659110869737255e-01
1.153153153153153143e+00,8.940664256759778272e-01
1.162162162162162282e+00,9.121919578980300924e-01
1.171171171171171199e+00,9.305407948430559628e-01
1.180180180180180116e+00,9.491110937424435123e-01
1.189189189189189255e+00,9.679008830664295182e-01
1.198198198198198172e+00,9.869080637686997726e-01
1.207207207207207311e+00,1.006130410672335440e+00
1.216216216216216228e+00,1.025565573990880219e+00
1.225225225225225145e+00,1.045211080978121210e+00
1.234234234234234284e+00,1.065064337699868302e+00
1.243243243243243201e+00,1.085122630920863918e+00
1.252252252252252340e+00,1.105383130099802935e+00
1.261261261261261257e+00,1.125842889485285436e+00
1.270270270270270174e+00,1.146498850305490258e+00
1.279279279279279313e+00,1.167347843044261646e+00
1.288288288288288230e+00,1.188386589796311954e+00
1.297297297297297369e+00,1.209611706694250666e+00
1.306306306306306286e+00,1.231019706400175107e+00
1.315315315315315203e+00,1.252607000654664571e+00
1.324324324324324342e+00,1.274369902876078431e+00
1.333333333333333259e+00,1.296304630803207791e+00
1.342342342342342398e+00,1.318407309174465025e+00
1.351351351351351315e+00,1.340673972436954076e+00
1.360360360360360232e+00,1.363100567478955805e+00
1.369369369369369371e+00,1.385682956379572284e+00
1.378378378378378510e+00,1.408416919169445114e+00
1.387387387387387427e+00,1.431298156596759741e+00
1.396396396396396344e+00,1.454322292892917146e+00
1.405405405405405483e+00,1.477484878532548285e+00
1.414414414414414400e+00,1.500781392982784013e+00
1.423423423423423539e+00,1.524207247436949908e+00
1.432432432432432456e+00,1.547757787528137863e+00
1.441441441441441373e+00,1.571428296018362980e+00
1.450450450450450512e+00,1.595213995459282108e+00
1.459459459459459429e+00,1.619110050820737889e+00
1.468468468468468568e+00,1.643111572083653771e+00
1.477477477477477485e+00,1.667213616794054332e+00
1.486486486486486402e+00,1.691411192575301703e+00
1.495495495495495542e+00,1.715699259595849346e+00
1.504504504504504458e+00,1.740072732990099347e+00
1.513513513513513598e+00,1.764526485230209163e+00
1.522522522522522515e+00,1.789055348446917160e+00
1.531531531531531432e+00,1.813654116697726026e+00
1.540540540540540571e+00,1.838317548180996353e+00
1.549549549549549710e+00,1.863040367394737107e+00
1.558558558558558627e+00,1.887817267239115360e+00
1.567567567567567544e+00,1.912642911061901430e+00
1.576576576576576461e+00,1.937511934646267475e+00
1.585585585585585600e+00,1.962418948140590480e+00
1.594594594594594739e+00,1.987358537930049573e+00
1.603603603603603656e+00,2.012325268450033455e+00
1.612612612612612573e+00,2.037313683941522680e+00
1.621621621621621490e+00,2.062318310148780753e+00
1.630630630630630629e+00,2.087333655959866086e+00
1.639639639639639768e+00,2.112354214990559864e+00
1.648648648648648685e+00,2.137374467112582277e+00
1.657657657657657602e+00,2.162388879926936625e+00
1.666666666666666519e+00,2.187391910183482668e+00
1.675675675675675658e+00,2.212378005147895621e+00
1.684684684684684797e+00,2.237341603917301303e+00
1.693693693693693714e+00,2.262277138685993449e+00
1.702702702702702631e+00,2.287179035962723095e+00
1.711711711711711548e+00,2.312041717741172953e+00
1.720720720720720687e+00,2.336859602625300347e+00
1.729729729729729826e+00,2.361627106911339258e+00
1.738738738738738743e+00,2.386338645628328869e+00
1.747747747747747660e+00,2.410988633539117298e+00
1.756756756756756799e+00,2.435571486103865535e+00
1.765765765765765716e+00,2.460081620408167247e+00
1.774774774774774855e+00,2.484513456057952485e+00
1.783783783783783772e+00,2.508861416043434378e+00
1.792792792792792689e+00,2.533119927574423169e+00
1.801801801801801828e+00,2.557283422889403468e+00
1.810810810810810967e+00,2.581346340040837628e+00
1.819819819819819884e+00,2.605303123659255427e+00
1.828828828828828801e+00,2.629148225698734631e+00
1.837837837837837718e+00,2.652876106166468961e+00
1.846846846846846857e+00,2.676481233839214990e+00
1.855855855855855996e+00,2.699958086969474813e+00
1.864864864864864913e+00,2.723301153984369893e+00
1.873873873873873830e+00,2.746504934180260094e+00
1.882882882882882747e+00,2.769563938416264914e+00
1.891891891891891886e+00,2.792472689809948783e+00
1.900900900900901025e+00,2.815225724438562782e+00
1.909909909909909942e+00,2.837817592049352911e+00
1.918918918918918859e+00,2.860242856782592380e+00
1.927927927927927776e+00,2.882496097911141142e+00
1.936936936936936915e+00,2.904571910600512563e+00
1.945945945945946054e+00,2.926464906693588830e+00
1.954954954954954971e+00,2.948169715524331380e+00
1.963963963963963888e+00,2.969680984765056930e+00
1.972972972972972805e+00,2.990993381312052168e+00
1.981981981981981944e+00,3.012101592214574630e+00
1.990990990990991083e+00,3.033000325652553286e+00
2.000000000000000000e+00,3.053684311968595910e+00
2.009009009009008917e+00,3.074148304760234041e+00
2.018018018018017834e+00,3.094417938520772182e+00
2.027027027027027195e+00,3.114537708931168325e+00
2.036036036036036112e+00,3.134503509216681305e+00
2.045045045045045029e+00,3.154311250087172613e+00
2.054054054054053946e+00,3.173956860358693177e+00
2.063063063063062863e+00,3.193436287606998381e+00
2.072072072072072224e+00,3.212745498856729665e+00
2.081081081081081141e+00,3.231970589538364802e+00
2.090090090090090058e+00,3.251110626400266046e+00
2.099099099099099419e+00,3.270162781436423138e+00
2.108108108108107892e+00,3.289124246441200494e+00
2.117117117117117253e+00,3.307992233487601297e+00
2.126126126126126170e+00,3.326763975423046027e+00
2.135135135135135087e+00,3.345436726384800163e+00
2.144144144144144448e+00,3.364027737657613315e+00
2.153153153153152921e+00,3.382559842254665217e+00
2.162162162162162282e+00,3.401030818250710741e+00
2.171171171171171199e+00,3.419438458959284777e+00
2.180180180180180116e+00,3.437780573184507027e+00
2.189189189189189477e+00,3.456054985484674269e+00
2.198198198198197950e+00,3.474266004249283224e+00
2.207207207207207311e+00,3.492460229318970377e+00
2.216216216216216228e+00,3.510636094408870811e+00
2.225225225225225145e+00,3.528792042332425272e+00
2.234234234234234506e+00,3.546926524951706128e+00
2.243243243243242979e+00,3.565038003122606547e+00
2.252252252252252340e+00,3.583124946635231733e+00
2.261261261261261257e+00,3.601185834149758236e+00
2.270270270270270174e+00,3.619219153128118371e+00
2.279279279279279535e+00,3.637223399761800646e+00
2.288288288288288008e+00,3.655197078896026408e+00
2.297297297297297369e+00,3.673138703950662443e+00
2.306306306306306286e+00,3.691046796838060029e+00
2.315315315315315203e+00,3.708919887878202371e+00
2.324324324324324564e+00,3.726756515711334039e+00
2.333333333333333037e+00,3.744555227208409054e+00
2.342342342342342398e+00,3.762314577379594294e+00
2.351351351351351315e+00,3.780033129281073823e+00
2.360360360360360232e+00,3.797709453920434353e+00
2.369369369369369593e+00,3.815342130160868983e+00
2.378378378378378066e+00,3.832929744624435475e+00
2.387387387387387427e+00,3.850470891594642620e+00
2.396396396396396344e+00,3.867964172918567201e+00
2.405405405405405261e+00,3.885408197908783556e+00
2.414414414414414622e+00,3.902801583245304684e+00
2.423423423423423095e+00,3.920142952877798237e+00
2.432432432432432456e+00,3.937430937928306562e+00
2.441441441441441373e+00,3.954664176594691494e+00
2.450450450450450290e+00,3.971841314055066352e+00
2.459459459459459651e+00,3.988961002373431874e+00
2.468468468468468124e+00,4.006021900406751435e+00
2.477477477477477485e+00,4.023022673713733788e+00
2.486486486486486402e+00,4.039961994465516959e+00
2.495495495495495319e+00,4.056838541358549932e+00
2.504504504504504681e+00,4.073650999529892403e+00
2.513513513513513598e+00,4.090398060475182618e+00
2.522522522522522515e+00,4.107078421969547755e+00
2.531531531531531432e+00,4.123690787991718842e+00
2.540540540540540349e+00,4.140233868651604254e+00
2.549549549549549710e+00,4.156706380121637068e+00
2.558558558558558627e+00,4.173107044572140545e+00
2.567567567567567544e+00,4.189434590111042134e+00
2.576576576576576461e+00,4.205687750728237084e+00
2.585585585585585378e+00,4.221865266244916981e+00
2.594594594594594739e+00,4.237965882268198925e+00
2.603603603603603656e+00,4.253988350151403530e+00
2.612612612612612573e+00,4.269931426960362764e+00
2.621621621621621934e+00,4.285793875446102241e+00
2.630630630630630407e+00,4.301628326567206173e+00
2.639639639639639768e+00,4.317435744559918298e+00
2.648648648648648685e+00,4.333215405712968149e+00
2.657657657657657602e+00,4.348966591259414649e+00
2.666666666666666963e+00,4.364688587291781552e+00
2.675675675675675436e+00,4.380380684678393699e+00
2.684684684684684797e+00,4.396042178981000248e+00
2.693693693693693714e+00,4.411672370373759478e+00
2.702702702702702631e+00,4.427270563563687311e+00
2.711711711711711992e+00,4.442836067712637949e+00
2.720720720720720465e+00,4.458368196360914304e+00
2.729729729729729826e+00,4.473866267352598847e+00
2.738738738738738743e+00,4.489329602762659022e+00
2.747747747747747660e+00,4.504757528825965807e+00
2.756756756756757021e+00,4.520149375868261821e+00
2.765765765765765494e+00,4.535504478239204218e+00
2.774774774774774855e+00,4.550822174247557861e+00
2.783783783783783772e+00,4.566101806098632920e+00
2.792792792792792689e+00,4.581342719834064603e+00
2.801801801801802050e+00,4.596544265274039809e+00
2.810810810810810523e+00,4.611705795962057763e+00
2.819819819819819884e+00,4.626826669112350743e+00
2.828828828828828801e+00,4.641906245560052824e+00
2.837837837837837718e+00,4.656943889714254325e+00
2.846846846846847079e+00,4.671938969514040529e+00
2.855855855855855552e+00,4.686890856387659454e+00
2.864864864864864913e+00,4.701798925214945690e+00
2.873873873873873830e+00,4.716662554293129084e+00
2.882882882882882747e+00,4.731481125306195246e+00
2.891891891891892108e+00,4.746254023297942659e+00
2.900900900900900581e+00,4.761026035644872145e+00
2.909909909909909942e+00,4.775807252085457755e+00
2.918918918918918859e+00,4.790597546760111847e+00
2.927927927927927776e+00,4.805396797735641989e+00
2.936936936936937137e+00,4.820204886957515811e+00
2.945945945945945610e+00,4.835021700203256501e+00
2.954954954954954971e+00,4.849847127037003602e+00
2.963963963963963888e+00,4.864681060765236431e+00
2.972972972972972805e+00,4.879523398393706302e+00
2.981981981981982166e+00,4.894374040585583785e+00
2.990990990990991083e+00,4.909232891620852968e+00
3.000000000000000000e+00,4.924099859356970477e+00
3.009009009009008917e+00,4.938974855190799040e+00
3.018018018018017834e+00,4.953857794021859995e+00
3.027027027027027195e+00,4.968748594216910064e+00
3.036036036036036112e+00,4.983647177575854847e+00
3.045045045045045029e+00,4.998553469299050533e+00
3.054054054054053946e+00,5.013467397955978733e+00
3.063063063063062863e+00,5.028388895455348617e+00
3.072072072072072224e+00,5.043317897016618367e+00
3.081081081081081141e+00,5.058254341142983890e+00
3.090090090090090058e+00,5.073198169595849016e+00
3.099099099099098975e+00,5.088149327370779851e+00
3.108108108108107892e+00,5.103107762675016978e+00
3.117117117117117253e+00,5.118073426906502021e+00
3.126126126126126170e+00,5.133046274634511796e+00
3.135135135135135087e+00,5.148026263581882311e+00
3.144144144144144004e+00,5.163013354608854577e+00
3.153153153153152921e+00,5.178007511698597298e+00
3.162162162162162282e+00,5.193008701944398453e+00
3.171171171171171199e+00,5.208016895538580826e+00
3.180180180180180116e+00,5.223032065763168141e+00
3.189189189189189033e+00,5.238054188982330217e+00
3.198198198198198394e+00,5.253083244636639115e+00
3.207207207207207311e+00,5.268119215239172703e+00
3.216216216216216228e+00,5.283162086373517141e+00
3.225225225225225145e+00,5.298211846693681615e+00
3.234234234234234062e+00,5.313268487925977723e+00
3.243243243243243423e+00,5.328332004872911476e+00
3.252252252252252340e+00,5.343402395419115436e+00
3.261261261261261257e+00,5.358479660539382294e+00
3.270270270270270174e+00,5.373575513845785245e+00
3.279279279279279091e+00,5.388701786421179030e+00
3.288288288288288452e+00,5.403858633464916572e+00
3.297297297297297369e+00,5.419046212212463409e+00
3.306306306306306286e+00,5.434264681919989570e+00
3.315315315315315203e+00,5.449514203849724403e+00
3.324324324324324120e+00,5.464794941256109873e+00
3.333333333333333481e+00,5.480107059372719469e+00
3.342342342342342398e+00,5.495450725399968483e+00
3.351351351351351315e+00,5.510826108493613873e+00
3.360360360360360232e+00,5.526233379754040165e+00
3.369369369369369149e+00,5.541672712216335839e+00
3.378378378378378510e+00,5.557144280841183281e+00
3.387387387387387427e+00,5.572648262506533001e+00
3.396396396396396344e+00,5.588196817730909594e+00
3.405405405405405261e+00,5.603798262773668881e+00
3.414414414414414178e+00,5.619452869336848622e+00
3.423423423423423539e+00,5.635160910669815948e+00
3.432432432432432456e+00,5.650922661555868309e+00
3.441441441441441373e+00,5.666738398299210999e+00
3.450450450450450290e+00,5.682608398712253539e+00
3.459459459459459651e+00,5.698532942103239129e+00
3.468468468468468568e+00,5.714512309264204504e+00
3.477477477477477485e+00,5.730546782459263078e+00
3.486486486486486402e+00,5.746636645413189193e+00
3.495495495495495319e+00,5.762782183300320327e+00
3.504504504504504681e+00,5.778983682733767502e+00
3.513513513513513598e+00,5.795241431754908135e+00
3.522522522522522515e+00,5.811555719823180866e+00
3.531531531531531432e+00,5.827926837806173488e+00
3.540540540540540349e+00,5.844355077969972889e+00
3.549549549549549710e+00,5.860840733969815197e+00
3.558558558558558627e+00,5.877384100840983727e+00
3.567567567567567544e+00,5.893985474989986706e+00
3.576576576576576461e+00,5.910645154186005001e+00
3.585585585585585378e+00,5.927363437552561010e+00
3.594594594594594739e+00,5.944140625559485080e+00
3.603603603603603656e+00,5.960977020015087113e+00
3.612612612612612573e+00,5.977872924058588389e+00
3.621621621621621490e+00,5.994828642152800313e+00
3.630630630630630407e+00,6.011844480077007447e+00
3.639639639639639768e+00,6.028920744920100105e+00
3.648648648648648685e+00,6.046057745073921019e+00
3.657657657657657602e+00,6.063255790226827813e+00
3.666666666666666519e+00,6.080515191357482863e+00
3.675675675675675436e+00,6.097836260728828783e+00
3.684684684684684797e+00,6.115219311882285957e+00
3.693693693693693714e+00,6.132664659632152571e+00
3.702702702702702631e+00,6.150172620060192052e+00
3.711711711711711548e+00,6.167743510510413252e+00
3.720720720720720909e+00,6.185377649584048676e+00
3.729729729729729826e+00,6.203075357134697043e+00
3.738738738738738743e+00,6.220836954263677221e+00
3.747747747747747660e+00,6.238662763315527826e+00
3.756756756756756577e+00,6.256553107873696007e+00
3.765765765765765938e+00,6.274508312756389650e+00
3.774774774774774855e+00,6.292528704012602780e+00
3.783783783783783772e+00,6.310614608918286628e+00
3.792792792792792689e+00,6.328766355972690327e+00
3.801801801801801606e+00,6.346984274894861500e+00
3.810810810810810967e+00,6.365268696620273836e+00
3.819819819819819884e+00,6.383619953297633209e+00
3.828828828828828801e+00,6.402038378285800135e+00
3.837837837837837718e+00,6.420524306150869442e+00
3.846846846846846635e+00,6.439078072663385832e+00
3.855855855855855996e+00,6.457700014795679344e+00
3.864864864864864913e+00,6.476390470719351811e+00
3.873873873873873830e+00,6.495149779802876111e+00
3.882882882882882747e+00,6.513978282609328652e+00
3.891891891891891664e+00,6.532876320894231981e+00
3.900900900900901025e+00,6.551844237603533294e+00
3.909909909909909942e+00,6.570882376871679753e+00
3.918918918918918859e+00,6.589991084019819922e+00
3.927927927927927776e+00,6.609170705554107350e+00
3.936936936936936693e+00,6.628421589164116057e+00
3.945945945945946054e+00,6.647744083721352837e+00
3.954954954954954971e+00,6.667138539277875253e+00
3.963963963963963888e+00,6.686605307065010884e+00
3.972972972972972805e+00,6.706144739492168050e+00
3.981981981981982166e+00,6.725757190145737141e+00
3.990990990990991083e+00,6.745443013788081643e+00
4.000000000000000000e+00,6.765202566356631309e+00
4.009009009009009361e+00,6.785036204963038386e+00
4.018018018018017834e+00,6.804944287892428001e+00
4.027027027027027195e+00,6.824927174602734681e+00
4.036036036036035668e+00,6.844985225724095734e+00
4.045045045045045029e+00,6.865118803058342323e+00
4.054054054054054390e+00,6.885328269578545601e+00
4.063063063063062863e+00,6.905613989428636579e+00
4.072072072072072224e+00,6.925976327923110354e+00
4.081081081081080697e+00,6.946415651546756997e+00
4.090090090090090058e+00,6.966932327954499016e+00
4.099099099099099419e+00,6.987526725971249242e+00
4.108108108108107892e+00,7.008199215591850439e+00
4.117117117117117253e+00,7.028950167981076191e+00
4.126126126126125726e+00,7.049779955473644222e+00
4.135135135135135087e+00,7.070688951574334524e+00
4.144144144144144448e+00,7.091677530958100384e+00
4.153153153153152921e+00,7.112746069470269994e+00
4.162162162162162282e+00,7.133894944126769389e+00
4.171171171171170755e+00,7.155124533114374685e+00
4.180180180180180116e+00,7.176435215791038935e+00
4.189189189189189477e+00,7.197827372686204761e+00
4.198198198198197950e+00,7.219301385501190715e+00
4.207207207207207311e+00,7.240857637109598954e+00
4.216216216216215784e+00,7.262496511557729129e+00
4.225225225225225145e+00,7.284218394065050894e+00
4.234234234234234506e+00,7.306023671024669319e+00
4.243243243243243867e+00,7.327912730003831143e+00
4.252252252252252340e+00,7.349885959744441699e+00
4.261261261261260813e+00,7.371943750163601372e+00
4.270270270270270174e+00,7.394086492354147389e+00
4.279279279279279535e+00,7.416314578585208928e+00
4.288288288288288896e+00,7.438628402302777332e+00
4.297297297297297369e+00,7.461028358130267435e+00
4.306306306306305842e+00,7.483514841869102874e+00
4.315315315315315203e+00,7.506088250499280967e+00
4.324324324324324564e+00,7.528748982179942040e+00
4.333333333333333925e+00,7.551497436249928086e+00
4.342342342342342398e+00,7.574334013228351203e+00
4.351351351351350871e+00,7.597259114815134495e+00
4.360360360360360232e+00,7.620273143891548528e+00
4.369369369369369593e+00,7.643376504520707826e+00
4.378378378378378954e+00,7.666569601948091339e+00
4.387387387387387427e+00,7.689852842601999861e+00
4.396396396396395900e+00,7.713226634094013434e+00
4.405405405405405261e+00,7.736691385219410577e+00
4.414414414414414622e+00,7.760247505957556413e+00
4.423423423423423984e+00,7.783895407472254391e+00
4.432432432432432456e+00,7.807635502112077575e+00
4.441441441441440929e+00,7.831468203410633322e+00
4.450450450450450290e+00,7.855393926086815526e+00
4.459459459459459651e+00,7.879413086044976033e+00
4.468468468468469013e+00,7.903526100375072083e+00
4.477477477477477485e+00,7.927733387352762229e+00
4.486486486486485958e+00,7.952035366439421438e+00
4.495495495495495319e+00,7.976432458282133098e+00
4.504504504504504681e+00,8.000925084713573554e+00
4.513513513513514042e+00,8.025513668751880658e+00
4.522522522522522515e+00,8.050198634600404191e+00
4.531531531531530987e+00,8.074980407647434077e+00
4.540540540540540349e+00,8.099859414465806040e+00
4.549549549549549710e+00,8.124836082812453952e+00
4.558558558558559071e+00,8.149910841627869829e+00
4.567567567567567544e+00,8.175084121035480322e+00
4.576576576576576016e+00,8.200356352340945065e+00
4.585585585585585378e+00,8.225727968031328885e+00
4.594594594594594739e+00,8.251199401774208297e+00
4.603603603603604100e+00,8.276771088416664313e+00
4.612612612612612573e+00,8.302443463984154448e+00
4.621621621621621046e+00,8.328216965679322570e+00
4.630630630630630407e+00,8.354092031880645308e+00
4.639639639639639768e+00,8.380069102140980775e+00
4.648648648648649129e+00,8.406148617186010696e+00
4.657657657657657602e+00,8.432331018912538667e+00
4.666666666666666075e+00,8.458616750386680039e+00
4.675675675675675436e+00,8.485006255841902600e+00
4.684684684684684797e+00,8.511499980676939359e+00
4.693693693693694158e+00,8.538098371453566315e+00
4.702702702702702631e+00,8.564801875894231031e+00
4.711711711711711104e+00,8.591610942879537305e+00
4.720720720720720465e+00,8.618526022445580637e+00
4.729729729729729826e+00,8.645547565781123822e+00
4.738738738738739187e+00,8.672676025224616225e+00
4.747747747747747660e+00,8.699911854261053179e+00
4.756756756756756133e+00,8.727255507518670186e+00
4.765765765765765494e+00,8.754707440765464810e+00
4.774774774774774855e+00,8.782268110905533831e+00
4.783783783783784216e+00,8.809937975975257629e+00
4.792792792792792689e+00,8.837717495139274959e+00
4.801801801801801162e+00,8.865607128686296079e+00
4.810810810810810523e+00,8.893607338024722253e+00
4.819819819819819884e+00,8.921718585678043212e+00
4.828828828828829245e+00,8.949941335280088950e+00
4.837837837837837718e+00,8.978276051570038163e+00
4.846846846846846191e+00,9.006723200387249051e+00
4.855855855855855552e+00,9.035283248665875178e+00
4.864864864864864913e+00,9.063956664429259291e+00
4.873873873873874274e+00,9.092743916784137070e+00
4.882882882882882747e+00,9.121645475914602841e+00
4.891891891891891220e+00,9.150661813075869233e+00
4.900900900900900581e+00,9.179793400587795915e+00
4.909909909909909942e+00,9.209040711828192727e+00
4.918918918918919303e+00,9.238404221225890112e+00
4.927927927927927776e+00,9.267884404253589281e+00
4.936936936936936249e+00,9.297481737420467240e+00
4.945945945945945610e+00,9.327196698264556218e+00
4.954954954954954971e+00,9.357029765344853089e+00
4.963963963963964332e+00,9.386981418233219188e+00
4.972972972972972805e+00,9.417052137506022547e+00
4.981981981981982166e+00,9.447242404735543886e+00
4.990990990990990639e+00,9.477552702481093050e+00
5.000000000000000000e+00,9.507983514279947812e+00
5.009009009009009361e+00,9.538535324637956947e+00
5.018018018018017834e+00,9.569208619019951456e+00
5.027027027027027195e+00,9.600003883839876906e+00
5.036036036036035668e+00,9.630921606450664640e+00
5.045045045045045029e+00,9.661962275133859634e+00
5.054054054054054390e+00,9.693126379088971234e+00
5.063063063063062863e+00,9.724414408422573430e+00
5.072072072072072224e+00,9.755826854137170656e+00
5.081081081081080697e+00,9.787364208119745612e+00
5.090090090090090058e+00,9.819026963130109920e+00
5.099099099099099419e+00,9.850815612788947462e+00
5.108108108108107892e+00,9.882730651565617919e+00
5.117117117117117253e+00,9.914772574765729374e+00
5.126126126126125726e+00,9.946941878518371638e+00
5.135135135135135087e+00,9.979239059763195030e+00
5.144144144144144448e+00,1.001166461623715875e+01
5.153153153153152921e+00,1.004421904646104657e+01
5.162162162162162282e+00,1.007690284972574801e+01
5.171171171171170755e+00,1.010971652607826421e+01
5.180180180180180116e+00,1.014266057630748108e+01
5.189189189189189477e+00,1.017573550192968845e+01
5.198198198198197950e+00,1.020894180517386296e+01
5.207207207207207311e+00,1.024227998896671110e+01
5.216216216216215784e+00,1.027575055691747430e+01
5.225225225225225145e+00,1.030935401330249945e+01
5.234234234234234506e+00,1.034309086304958925e+01
5.243243243243242979e+00,1.037696161172210729e+01
5.252252252252252340e+00,1.041096676550291633e+01
5.261261261261260813e+00,1.044510683117801797e+01
5.270270270270270174e+00,1.047938231612007698e+01
5.279279279279279535e+00,1.051379372827165248e+01
5.288288288288288008e+00,1.054834157612831014e+01
5.297297297297297369e+00,1.058302636872149449e+01
5.306306306306305842e+00,1.061784861560120774e+01
5.315315315315315203e+00,1.065280882681857122e+01
5.324324324324324564e+00,1.068790751290812402e+01
5.333333333333333037e+00,1.072314518487004165e+01
5.342342342342342398e+00,1.075852235415214686e+01
5.351351351351350871e+00,1.079403953263178551e+01
5.360360360360360232e+00,1.082969723259756201e+01
5.369369369369369593e+00,1.086549596673094520e+01
5.378378378378378066e+00,1.090143624808772493e+01
5.387387387387387427e+00,1.093751859007940652e+01
5.396396396396396788e+00,1.097374350645443997e+01
5.405405405405405261e+00,1.101011151127937637e+01
5.414414414414414622e+00,1.104662311891996929e+01
5.423423423423423095e+00,1.108327884402212327e+01
5.432432432432432456e+00,1.112007920149287798e+01
5.441441441441441818e+00,1.115702470648122890e+01
5.450450450450450290e+00,1.119411587435897459e+01
5.459459459459459651e+00,1.123135322070152675e+01
5.468468468468468124e+00,1.126873726126864383e+01
5.477477477477477485e+00,1.130626851198523042e+01
5.486486486486486847e+00,1.134394748892205484e+01
5.495495495495495319e+00,1.138177470827654503e+01
5.504504504504504681e+00,1.141975068635358248e+01
5.513513513513513153e+00,1.145787593954631411e+01
5.522522522522522515e+00,1.149615098431705640e+01
5.531531531531531876e+00,1.153457633717820663e+01
5.540540540540540349e+00,1.157315251467328387e+01
5.549549549549549710e+00,1.161188003335800900e+01
5.558558558558558182e+00,1.165075940978150726e+01
5.567567567567567544e+00,1.168979116046764233e+01
5.576576576576576905e+00,1.172897580189640898e+01
5.585585585585585378e+00,1.176831385048554246e+01
5.594594594594594739e+00,1.180780582257225042e+01
5.603603603603603212e+00,1.184745223439506390e+01
5.612612612612612573e+00,1.188725360207596360e+01
5.621621621621621934e+00,1.192723497118591780e+01
5.630630630630630407e+00,1.196739707563377664e+01
5.639639639639639768e+00,1.200774053904087246e+01
5.648648648648648241e+00,1.204826598503448309e+01
5.657657657657657602e+00,1.208897403723100972e+01
5.666666666666666963e+00,1.212986531921934485e+01
5.675675675675675436e+00,1.217094045454455831e+01
5.684684684684684797e+00,1.221220006669188507e+01
5.693693693693693270e+00,1.225364477907092287e+01
5.702702702702702631e+00,1.229527521500023823e+01
5.711711711711711992e+00,1.233709199769220888e+01
5.720720720720720465e+00,1.237909575023825326e+01
5.729729729729729826e+00,1.242128709559439237e+01
5.738738738738738299e+00,1.246366665656714012e+01
5.747747747747747660e+00,1.250623505579980410e+01
5.756756756756757021e+00,1.254899291575911846e+01
5.765765765765765494e+00,1.259194085872232272e+01
5.774774774774774855e+00,1.263507950676458513e+01
5.783783783783783328e+00,1.267840948174688798e+01
5.792792792792792689e+00,1.272193140530429289e+01
5.801801801801802050e+00,1.276564589883466461e+01
5.810810810810810523e+00,1.280955358348782092e+01
5.819819819819819884e+00,1.285365508015516234e+01
5.828828828828828357e+00,1.289795100945971562e+01
5.837837837837837718e+00,1.294244199174668886e+01
5.846846846846847079e+00,1.298712864707447423e+01
5.855855855855855552e+00,1.303201159520615882e+01
5.864864864864864913e+00,1.307709145560149722e+01
5.873873873873874274e+00,1.312236884740942600e+01
5.882882882882882747e+00,1.316784438946102220e+01
5.891891891891892108e+00,1.321351870026305697e+01
5.900900900900900581e+00,1.325939239799197189e+01
5.909909909909909942e+00,1.330546610048845757e+01
5.918918918918919303e+00,1.335174042525251359e+01
5.927927927927927776e+00,1.339821598943904668e+01
5.936936936936937137e+00,1.344489340985402315e+01
5.945945945945945610e+00,1.349177330295112931e+01
5.954954954954954971e+00,1.353885628482901815e+01
5.963963963963964332e+00,1.358614297122903736e+01
5.972972972972972805e+00,1.363363397753354889e+01
5.981981981981982166e+00,1.368132991876480098e+01
5.990990990990990639e+00,1.372923140958429933e+01
6.000000000000000000e+00,1.377733906429278399e+01
6.009009009009009361e+00,1.382565349683070011e+01
6.018018018018017834e+00,1.387417532077925486e+01
6.027027027027027195e+00,1.392290514936199308e+01
6.036036036036035668e+00,1.397184359544700705e+01
6.045045045045045029e+00,1.402099127154943936e+01
6.054054054054054390e+00,1.407034878983486870e+01
6.063063063063062863e+00,1.411991676212297797e+01
6.072072072072072224e+00,1.416969579989186201e+01
6.081081081081080697e+00,1.421968651428279706e+01
6.090090090090090058e+00,1.426988951610563738e+01
6.099099099099099419e+00,1.432030541584461503e+01
6.108108108108107892e+00,1.437093482366471520e+01
6.117117117117117253e+00,1.442177834941858627e+01
6.126126126126125726e+00,1.447283660265384952e+01
6.135135135135135087e+00,1.452411019262103764e+01
6.144144144144144448e+00,1.457559972828187966e+01
6.153153153153152921e+00,1.462730581831818455e+01
6.162162162162162282e+00,1.467922907114113507e+01
6.171171171171170755e+00,1.473137009490103111e+01
6.180180180180180116e+00,1.478372949749755350e+01
6.189189189189189477e+00,1.483630788659039190e+01
6.198198198198197950e+00,1.488910586961036486e+01
6.207207207207207311e+00,1.494212405377096609e+01
6.216216216216215784e+00,1.499536304608026960e+01
6.225225225225225145e+00,1.504882345335332161e+01
6.234234234234234506e+00,1.510250588222485746e+01
6.243243243243242979e+00,1.515641093916244131e+01
6.252252252252252340e+00,1.521053923047999312e+01
6.261261261261260813e+00,1.526489136235160160e+01
6.270270270270270174e+00,1.531946794082580254e+01
6.279279279279279535e+00,1.537426957184008103e+01
6.288288288288288008e+00,1.542929686123578037e+01
6.297297297297297369e+00,1.548455041477330418e+01
6.306306306306305842e+00,1.554003083814758313e+01
6.315315315315315203e+00,1.559573873700390934e+01
6.324324324324324564e+00,1.565167471695396095e+01
6.333333333333333037e+00,1.570783938359216414e+01
6.342342342342342398e+00,1.576423334251226827e+01
6.351351351351350871e+00,1.582085719932416445e+01
6.360360360360360232e+00,1.587771155967095638e+01
6.369369369369369593e+00,1.593479702924621577e+01
6.378378378378378066e+00,1.599211421381144582e+01
6.387387387387387427e+00,1.604966371921376833e+01
6.396396396396396788e+00,1.610744615140372815e+01
6.405405405405405261e+00,1.616546211645331255e+01
6.414414414414414622e+00,1.622371222057411444e+01
6.423423423423423095e+00,1.628219707013559159e+01
6.432432432432432456e+00,1.634091727168352293e+01
6.441441441441441818e+00,1.639987343195851466e+01
6.450450450450450290e+00,1.645906615791464134e+01
6.459459459459459651e+00,1.651849605673820420e+01
6.468468468468468124e+00,1.657816373586646463e+01
6.477477477477477485e+00,1.663806980300661209e+01
6.486486486486486847e+00,1.669821486615460415e+01
6.495495495495495319e+00,1.675859953361418775e+01
6.504504504504504681e+00,1.681922441401589907e+01
6.513513513513513153e+00,1.688009011633605638e+01
6.522522522522522515e+00,1.694119724991584519e+01
6.531531531531531876e+00,1.700254642448032172e+01
6.540540540540540349e+00,1.706413825015743768e+01
6.549549549549549710e+00,1.712597333749708994e+01
6.558558558558558182e+00,1.718805229749004226e+01
6.567567567567567544e+00,1.725037574158691456e+01
6.576576576576576905e+00,1.731294428171703714e+01
6.585585585585585378e+00,1.737575853030730499e+01
6.594594594594594739e+00,1.743881910030094673e+01
6.603603603603603212e+00,1.750212660517619412e+01
6.612612612612612573e+00,1.756568165896493738e+01
6.621621621621621934e+00,1.762948487627121352e+01
6.630630630630630407e+00,1.769353687228961292e+01
6.639639639639639768e+00,1.775783826282366462e+01
6.648648648648648241e+00,1.782238966430395877e+01
6.657657657657657602e+00,1.788719169380633645e+01
6.666666666666666963e+00,1.795224496906973499e+01
6.675675675675675436e+00,1.801755010851412209e+01
6.684684684684684797e+00,1.808310773125816340e+01
6.693693693693693270e+00,1.814891845713674812e+01
6.702702702702702631e+00,1.821498290671846476e+01
6.711711711711711992e+00,1.828130170132279630e+01
6.720720720720720465e+00,1.834787546303727268e+01
6.729729729729729826e+00,1.841470481473442433e+01
6.738738738738738299e+00,1.848179038008851549e+01
6.747747747747747660e+00,1.854913278359223483e+01
6.756756756756757021e+00,1.861673265057310900e+01
6.765765765765765494e+00,1.868459060720976694e+01
6.774774774774774855e+00,1.875270728054813318e+01
6.783783783783783328e+00,1.882108329851724804e+01
6.792792792792792689e+00,1.888971928994513405e+01
6.801801801801802050e+00,1.895861588457429647e+01
6.810810810810810523e+00,1.902777371307717402e+01
6.819819819819819884e+00,1.909719340707135515e+01
6.828828828828828357e+00,1.916687559913458472e+01
6.837837837837837718e+00,1.923682092281970668e+01
6.846846846846847079e+00,1.930703001266926222e+01
6.855855855855855552e+00,1.937750350423004519e+01
6.864864864864864913e+00,1.944824203406744445e+01
6.873873873873873386e+00,1.951924623977953033e+01
6.882882882882882747e+00,1.959051676001112341e+01
6.891891891891892108e+00,1.966205423446753286e+01
6.900900900900900581e+00,1.973385930392818466e+01
6.909909909909909942e+00,1.980593261026015384e+01
6.918918918918919303e+00,1.987827479643138417e+01
6.927927927927927776e+00,1.995088650652386519e+01
6.936936936936937137e+00,2.002376838574661022e+01
6.945945945945945610e+00,2.009692108044844616e+01
6.954954954954954971e+00,2.017034523813071800e+01
6.963963963963964332e+00,2.024404150745974462e+01
6.972972972972972805e+00,2.031801053827926040e+01
6.981981981981982166e+00,2.039225298162260103e+01
6.990990990990990639e+00,2.046676948972479693e+01
7.000000000000000000e+00,2.054156071603457079e+01
7.009009009009009361e+00,2.061662731522613967e+01
7.018018018018017834e+00,2.069196994321092831e+01
7.027027027027027195e+00,2.076758925714922555e+01
7.036036036036035668e+00,2.084348591546160989e+01
7.045045045045045029e+00,2.091966057784039634e+01
7.054054054054054390e+00,2.099611390526088783e+01
7.063063063063062863e+00,2.107284655999260181e+01
7.072072072072072224e+00,2.114985920561041155e+01
7.081081081081080697e+00,2.122715250700552403e+01
7.090090090090090058e+00,2.130472713039654309e+01
7.099099099099099419e+00,2.138258374334030876e+01
7.108108108108107892e+00,2.146072301474279342e+01
7.117117117117117253e+00,2.153914561486991630e+01
7.126126126126125726e+00,2.161785221535828683e+01
7.135135135135135087e+00,2.169684348922598716e+01
7.144144144144144448e+00,2.177612011088326938e+01
7.153153153153152921e+00,2.185568275614325628e+01
7.162162162162162282e+00,2.193553210223267413e+01
7.171171171171170755e+00,2.201566882780251788e+01
7.180180180180180116e+00,2.209609361293881946e+01
7.189189189189189477e+00,2.217680713917334145e+01
7.198198198198197950e+00,2.225781008949436313e+01
7.207207207207207311e+00,2.233910314835755173e+01
7.216216216216215784e+00,2.242068700169672013e+01
7.225225225225225145e+00,2.250256233693489705e+01
7.234234234234234506e+00,2.258472984299518771e+01
7.243243243243242979e+00,2.266719021031194004e+01
7.252252252252252340e+00,2.274994413084193567e+01
7.261261261261260813e+00,2.283299229807559882e+01
7.270270270270270174e+00,2.291633540704848215e+01
7.279279279279279535e+00,2.299997415435271364e+01
7.288288288288288008e+00,2.308390923814869922e+01
7.297297297297297369e+00,2.316814135817696041e+01
7.306306306306305842e+00,2.325267121577004303e+01
7.315315315315315203e+00,2.333749951386474919e+01
7.324324324324324564e+00,2.342262695701440478e+01
7.333333333333333037e+00,2.350805425140143612e+01
7.342342342342342398e+00,2.359378210485013128e+01
7.351351351351350871e+00,2.367981122683956841e+01
7.360360360360360232e+00,2.376614232851691000e+01
7.369369369369369593e+00,2.385277612271078951e+01
7.378378378378378066e+00,2.393971332394509943e+01
7.387387387387387427e+00,2.402695464845303164e+01
7.396396396396395900e+00,2.411450081419131664e+01
7.405405405405405261e+00,2.420235254085494958e+01
7.414414414414414622e+00,2.429051054989205127e+01
7.423423423423423095e+00,2.437897556451921588e+01
7.432432432432432456e+00,2.446774830973717130e+01
7.441441441441441818e+00,2.455682951234676992e+01
7.450450450450450290e+00,2.464621990096540216e+01
7.459459459459459651e+00,2.473592020604388253e+01
7.468468468468468124e+00,2.482593115988360921e+01
7.477477477477477485e+00,2.491625349665430278e+01
7.486486486486486847e+00,2.500688795241214635e+01
7.495495495495495319e+00,2.509783526511834850e+01
7.504504504504504681e+00,2.518909617465837769e+01
7.513513513513513153e+00,2.528067142286143820e+01
7.522522522522522515e+00,2.537256175352077037e+01
7.531531531531531876e+00,2.546476791241427406e+01
7.540540540540540349e+00,2.555729064732580369e+01
7.549549549549549710e+00,2.565013070806709194e+01
7.558558558558558182e+00,2.574328884650018523e+01
7.567567567567567544e+00,2.583676581656061444e+01
7.576576576576576905e+00,2.593056237428111999e+01
7.585585585585585378e+00,2.602467927781613000e+01
7.594594594594594739e+00,2.611911728746696681e+01
7.603603603603603212e+00,2.621387716570763260e+01
7.612612612612612573e+00,2.630895967721152928e+01
7.621621621621621934e+00,2.640436558887876117e+01
7.630630630630630407e+00,2.650009566986437548e+01
7.639639639639639768e+00,2.659615069160739864e+01
7.648648648648648241e+00,2.669253142786061161e+01
7.657657657657657602e+00,2.678923865472133770e+01
7.666666666666666963e+00,2.688627315066299062e+01
7.675675675675675436e+00,2.698363569656767069e+01
7.684684684684684797e+00,2.708132707575964915e+01
7.693693693693693270e+00,2.717934807403975483e+01
7.702702702702702631e+00,2.727769947972096531e+01
7.711711711711711992e+00,2.737638208366477244e+01
7.720720720720720465e+00,2.747539667931882690e+01
7.729729729729729826e+00,2.757474406275557754e+01
7.738738738738738299e+00,2.767442503271201204e+01
7.747747747747747660e+00,2.777444039063061609e+01
7.756756756756757021e+00,2.787479094070146246e+01
7.765765765765765494e+00,2.797547748990547589e+01
7.774774774774774855e+00,2.807650084805911561e+01
7.783783783783783328e+00,2.817786182786004190e+01
7.792792792792792689e+00,2.827956124493442758e+01
7.801801801801802050e+00,2.838159991788531755e+01
7.810810810810810523e+00,2.848397866834250536e+01
7.819819819819819884e+00,2.858669832101388408e+01
7.828828828828828357e+00,2.868975970373798035e+01
7.837837837837837718e+00,2.879316364753829305e+01
7.846846846846847079e+00,2.889691098667886138e+01
7.855855855855855552e+00,2.900100255872149191e+01
7.864864864864864913e+00,2.910543920458461642e+01
7.873873873873873386e+00,2.921022176860360631e+01
7.882882882882882747e+00,2.931535109859288113e+01
7.891891891891892108e+00,2.942082804590953771e+01
7.900900900900900581e+00,2.952665346551885861e+01
7.909909909909909942e+00,2.963282821606141226e+01
7.918918918918919303e+00,2.973935315992201467e+01
7.927927927927927776e+00,2.984622916330043552e+01
7.936936936936937137e+00,2.995345709628403341e+01
7.945945945945945610e+00,3.006103783292214615e+01
7.954954954954954971e+00,3.016897225130246341e+01
7.963963963963964332e+00,3.027726123362930011e+01
7.972972972972972805e+00,3.038590566630379897e+01
7.981981981981982166e+00,3.049490644000618644e+01
7.990990990990990639e+00,3.060426444977994365e+01
8.000000000000000000e+00,3.071398059511814438e+01
8.009009009009009361e+00,3.082405578005166547e+01
8.018018018018018722e+00,3.093449091323966371e+01
8.027027027027028083e+00,3.104528690806199975e+01
8.036036036036035668e+00,3.115644468271388945e+01
8.045045045045045029e+00,3.126796516030261941e+01
8.054054054054054390e+00,3.137984926894640836e+01
8.063063063063061975e+00,3.149209794187538236e+01
8.072072072072071336e+00,3.160471211753482734e+01
8.081081081081080697e+00,3.171769273969044534e+01
8.090090090090090058e+00,3.183104075753579210e+01
8.099099099099099419e+00,3.194475712580201687e+01
8.108108108108108780e+00,3.205884280486948512e+01
8.117117117117118141e+00,3.217329876088172824e+01
8.126126126126125726e+00,3.228812596586134731e+01
8.135135135135135087e+00,3.240332539782819055e+01
8.144144144144144448e+00,3.251889804091928937e+01
8.153153153153152033e+00,3.263484488551095097e+01
8.162162162162161394e+00,3.275116692834296828e+01
8.171171171171170755e+00,3.286786517264437890e+01
8.180180180180180116e+00,3.298494062826134154e+01
8.189189189189189477e+00,3.310239431178672476e+01
8.198198198198198838e+00,3.322022724669132288e+01
8.207207207207208199e+00,3.333844046345679857e+01
8.216216216216215784e+00,3.345703499971003936e+01
8.225225225225225145e+00,3.357601190035907024e+01
8.234234234234234506e+00,3.369537221772997526e+01
8.243243243243242091e+00,3.381511701170532547e+01
8.252252252252251452e+00,3.393524734986352343e+01
8.261261261261260813e+00,3.405576430761878726e+01
8.270270270270270174e+00,3.417666896836221468e+01
8.279279279279279535e+00,3.429796242360308156e+01
8.288288288288288896e+00,3.441964577311062357e+01
8.297297297297298257e+00,3.454172012505589606e+01
8.306306306306305842e+00,3.466418659615347053e+01
8.315315315315315203e+00,3.478704631180299600e+01
8.324324324324324564e+00,3.491030040622972308e+01
8.333333333333332149e+00,3.503395002262462299e+01
8.342342342342341510e+00,3.515799631328307129e+01
8.351351351351350871e+00,3.528244043974199684e+01
8.360360360360360232e+00,3.540728357291528994e+01
8.369369369369369593e+00,3.553252689322704327e+01
8.378378378378378954e+00,3.565817159074210707e+01
8.387387387387388316e+00,3.578421886529383045e+01
8.396396396396395900e+00,3.591066992660822166e+01
8.405405405405405261e+00,3.603752599442457694e+01
8.414414414414414622e+00,3.616478829861144817e+01
8.423423423423422207e+00,3.629245807927809864e+01
8.432432432432431568e+00,3.642053658688068651e+01
8.441441441441440929e+00,3.654902508232237324e+01
8.450450450450450290e+00,3.667792483704733542e+01
8.459459459459459651e+00,3.680723713312763579e+01
8.468468468468469013e+00,3.693696326334267610e+01
8.477477477477478374e+00,3.706710453125031535e+01
8.486486486486487735e+00,3.719766225124924830e+01
8.495495495495495319e+00,3.732863774863187700e+01
8.504504504504504681e+00,3.746003235962708544e+01
8.513513513513512265e+00,3.759184743143175211e+01
8.522522522522521626e+00,3.772408432223122077e+01
8.531531531531530987e+00,3.785674440120682505e+01
8.540540540540540349e+00,3.798982904853065889e+01
8.549549549549549710e+00,3.812333965534631375e+01
8.558558558558559071e+00,3.825727762373491458e+01
8.567567567567568432e+00,3.839164436666566615e+01
8.576576576576577793e+00,3.852644130793017752e+01
8.585585585585585378e+00,3.866166988205953459e+01
8.594594594594594739e+00,3.879733153422377256e+01
8.603603603603602323e+00,3.893342772011217079e+01
8.612612612612611684e+00,3.906995990579448375e+01
8.621621621621621046e+00,3.920692956756156633e+01
8.630630630630630407e+00,3.934433819174502389e+01
8.639639639639639768e+00,3.948218727451505572e+01
8.648648648648649129e+00,3.962047832165558248e+01
8.657657657657658490e+00,3.975921284831623126e+01
8.666666666666667851e+00,3.989839237874021904e+01
8.675675675675675436e+00,4.003801844596764425e+01
8.684684684684684797e+00,4.017809259151378853e+01
8.693693693693692381e+00,4.031861636502123503e+01
8.702702702702701743e+00,4.045959132388627211e+01
8.711711711711711104e+00,4.060101903285823255e+01
8.720720720720720465e+00,4.074290106361203812e+01
8.729729729729729826e+00,4.088523899429350195e+01
8.738738738738739187e+00,4.102803440903699794e+01
8.747747747747748548e+00,4.117128889745573161e+01
8.756756756756757909e+00,4.131500405410437793e+01
8.765765765765765494e+00,4.145918147791424957e+01
8.774774774774774855e+00,4.160382277160129405e+01
8.783783783783782440e+00,4.174892954104696940e+01
8.792792792792791801e+00,4.189450339465305007e+01
8.801801801801801162e+00,4.204054594267010003e+01
8.810810810810810523e+00,4.218705879650107704e+01
8.819819819819819884e+00,4.233404356798060775e+01
8.828828828828829245e+00,4.248150186863096422e+01
8.837837837837838606e+00,4.262943530889574362e+01
8.846846846846847967e+00,4.277784549735294917e+01
8.855855855855855552e+00,4.292673403990853132e+01
8.864864864864864913e+00,4.307610253897227182e+01
8.873873873873872498e+00,4.322595259261741063e+01
8.882882882882881859e+00,4.337628579372661619e+01
8.891891891891891220e+00,4.352710372912543590e+01
8.900900900900900581e+00,4.367840797870636038e+01
8.909909909909909942e+00,4.383020011454524933e+01
8.918918918918919303e+00,4.398248170001286894e+01
8.927927927927928664e+00,4.413525428888419810e+01
8.936936936936938025e+00,4.428851942444813972e+01
8.945945945945945610e+00,4.444227863862061412e+01
8.954954954954954971e+00,4.459653345106406164e+01
8.963963963963964332e+00,4.475128536831623904e+01
8.972972972972971917e+00,4.490653588293159260e+01
8.981981981981981278e+00,4.506228647263865383e+01
8.990990990990990639e+00,4.521853859951606580e+01
9.000000000000000000e+00,4.537529370919130400e+01
9.009009009009009361e+00,4.553255323006487743e+01
9.018018018018018722e+00,4.569031857256357654e+01
9.027027027027026307e+00,4.584859112842574547e+01
9.036036036036035668e+00,4.600737227002233709e+01
9.045045045045045029e+00,4.616666334971611008e+01
9.054054054054054390e+00,4.632646569926285451e+01
9.063063063063063751e+00,4.648678062925711174e+01
9.072072072072071336e+00,4.664760942862512394e+01
9.081081081081080697e+00,4.680895336416831753e+01
9.090090090090090058e+00,4.697081368015878411e+01
9.099099099099099419e+00,4.713319159798997759e+01
9.108108108108108780e+00,4.729608831588430462e+01
9.117117117117116365e+00,4.745950500865932753e+01
9.126126126126125726e+00,4.762344282755446301e+01
9.135135135135135087e+00,4.778790290011918529e+01
9.144144144144144448e+00,4.795288633016392055e+01
9.153153153153153809e+00,4.811839419777464144e+01
9.162162162162161394e+00,4.828442755939095576e+01
9.171171171171170755e+00,4.845098744794856316e+01
9.180180180180180116e+00,4.861807487308517040e+01
9.189189189189189477e+00,4.878569082141012103e+01
9.198198198198198838e+00,4.895383625683623308e+01
9.207207207207206423e+00,4.912251212097316255e+01
9.216216216216215784e+00,4.929171933358075108e+01
9.225225225225225145e+00,4.946145879308040350e+01
9.234234234234234506e+00,4.963173137712267646e+01
9.243243243243243867e+00,4.980253794320879024e+01
9.252252252252251452e+00,4.997387932936324262e+01
9.261261261261260813e+00,5.014575635485498140e+01
9.270270270270270174e+00,5.031816982096361102e+01
9.279279279279279535e+00,5.049112051178801863e+01
9.288288288288288896e+00,5.066460919509322025e+01
9.297297297297296481e+00,5.083863662319236454e+01
9.306306306306305842e+00,5.101320353385990103e+01
9.315315315315315203e+00,5.118831065127173474e+01
9.324324324324324564e+00,5.136395868696894951e+01
9.333333333333333925e+00,5.154014834084059515e+01
9.342342342342341510e+00,5.171688030212164477e+01
9.351351351351350871e+00,5.189415525040212884e+01
9.360360360360360232e+00,5.207197385664292710e+01
9.369369369369369593e+00,5.225033678419485739e+01
9.378378378378378954e+00,5.242924468981649966e+01
9.387387387387386539e+00,5.260869822468721679e+01
9.396396396396395900e+00,5.278869803541172701e+01
9.405405405405405261e+00,5.296924476501185097e+01
9.414414414414414622e+00,5.315033905390318836e+01
9.423423423423423984e+00,5.333198154085231835e+01
9.432432432432431568e+00,5.351417286391198758e+01
9.441441441441440929e+00,5.369691366133151433e+01
9.450450450450450290e+00,5.388020457243896999e+01
9.459459459459459651e+00,5.406404623849364555e+01
9.468468468468469013e+00,5.424843930350589716e+01
9.477477477477476597e+00,5.443338441502259428e+01
9.486486486486485958e+00,5.461888222487661437e+01
9.495495495495495319e+00,5.480493338989834484e+01
9.504504504504504681e+00,5.499153857258861677e+01
9.513513513513514042e+00,5.517869844175150007e+01
9.522522522522521626e+00,5.536641367308644135e+01
9.531531531531530987e+00,5.555468494973931115e+01
9.540540540540540349e+00,5.574351296281145096e+01
9.549549549549549710e+00,5.593289841182745192e+01
9.558558558558559071e+00,5.612284200516109678e+01
9.567567567567566655e+00,5.631334446042011876e+01
9.576576576576576016e+00,5.650440650479020377e+01
9.585585585585585378e+00,5.669602887533844182e+01
9.594594594594594739e+00,5.688821231927804689e+01
9.603603603603604100e+00,5.708095759419416027e+01
9.612612612612611684e+00,5.727426546823271281e+01
9.621621621621621046e+00,5.746813672025320585e+01
9.630630630630630407e+00,5.766257213994638420e+01
9.639639639639639768e+00,5.785757252791915306e+01
9.648648648648649129e+00,5.805313869574722219e+01
9.657657657657656713e+00,5.824927146599770822e+01
9.666666666666666075e+00,5.844597167222313772e+01
9.675675675675675436e+00,5.864324015892821507e+01
9.684684684684684797e+00,5.884107778151151535e+01
9.693693693693694158e+00,5.903948540618340957e+01
9.702702702702701743e+00,5.923846390986225430e+01
9.711711711711711104e+00,5.943801418005031678e+01
9.720720720720720465e+00,5.963813711469099843e+01
9.729729729729729826e+00,5.983883362200945299e+01
9.738738738738739187e+00,6.004010462033792805e+01
9.747747747747748548e+00,6.024195103792740014e+01
9.756756756756756133e+00,6.044437381274728693e+01
9.765765765765765494e+00,6.064737389227459374e+01
9.774774774774774855e+00,6.085095223327369496e+01
9.783783783783784216e+00,6.105510980156889644e+01
9.792792792792793577e+00,6.125984757181015539e+01
9.801801801801801162e+00,6.146516652723396845e+01
9.810810810810810523e+00,6.167106765942040170e+01
9.819819819819819884e+00,6.187755196804703672e+01
9.828828828828829245e+00,6.208462046064158102e+01
9.837837837837838606e+00,6.229227415233354037e+01
9.846846846846846191e+00,6.250051406560613287e+01
9.855855855855855552e+00,6.270934123004958849e+01
9.864864864864864913e+00,6.291875668211560679e+01
9.873873873873874274e+00,6.312876146487521822e+01
9.882882882882883635e+00,6.333935662777921749e+01
9.891891891891891220e+00,6.355054322642283893e+01
9.900900900900900581e+00,6.376232232231466668e+01
9.909909909909909942e+00,6.397469498265014209e+01
9.918918918918919303e+00,6.418766228009059205e+01
9.927927927927928664e+00,6.440122529254763606e+01
9.936936936936936249e+00,6.461538510297373250e+01
9.945945945945945610e+00,6.483014279915850864e+01
9.954954954954954971e+00,6.504549947353167738e+01
9.963963963963964332e+00,6.526145622297227078e+01
9.972972972972973693e+00,6.547801414862482261e+01
9.981981981981981278e+00,6.569517435572177533e+01
9.990990990990990639e+00,6.591293795341329087e+01
1.000000000000000000e+01,6.613130605460297318e+01
